800
0
1869
991493
99200
57        
25943     
25943     
99629 0 1869 9488 60662 43007
99541 0 2199 57967 40823 55511
99478 0 2631 19681 39979 2382
99492 0 3707 43259 30202 12594
99414 0 5610 31836 34893 33899
99282 0 8062 14722 63973 46541
99284 0 8979 18603 6692 13770
99823 0 9192 873 13216 6648
99323 0 10034 53593 65068 53873
99895 0 14214 6699 48029 32781
99275 0 14266 53831 56106 54698
99708 0 16081 35411 62265 17039
99239 0 16834 26067 37601 24555
99801 0 17926 55020 34277 47735
99777 0 18218 26482 32048 32605
99939 0 21921 27601 28448 21844
99713 0 22807 46474 14485 52126
99600 0 23599 18884 48421 60181
99758 0 25700 3570 25006 31580
99556 0 25796 24366 39336 43309
99288 0 25885 13070 44823 3892
99227 0 28215 20142 2271 15450
99470 0 29357 19877 15062 44339
99696 0 29651 21951 44625 50901
99259 0 29736 4184 45994 18107
99324 0 32206 63861 44123 50704
99846 0 33360 63198 49995 21245
99311 0 37582 40242 28760 5318
99791 0 37814 9715 53970 56327
99727 0 38543 32918 52441 53372
99406 0 39379 31958 17275 15059
99904 0 39758 56677 14611 1682
99494 0 40772 62112 20972 38248
99201 0 42073 55477 31647 9593
99408 0 42441 57630 39383 49924
99490 0 43228 65499 12139 1555
99310 0 44295 10929 65335 46073
99373 0 45917 54278 41999 683
99684 0 46137 46469 34531 23018
99538 0 47423 34361 7760 41626
99546 0 47906 55563 6753 42774
99562 0 50616 24944 63967 29843
99231 0 51726 56329 63651 12167
99881 0 51766 58410 26034 48061
99729 0 52401 29152 56429 8390
99952 0 52871 11527 48296 47451
99345 0 53102 25690 65070 62578
99505 0 55695 64249 62205 17437
99822 0 56185 48026 53862 47814
99357 0 56782 6024 25316 48592
99394 0 58098 62527 43685 21428
99528 0 58690 44308 25025 49415
99636 0 59095 34777 24124 12084
99419 0 60056 19817 3135 16266
99223 0 64176 52629 48303 29507
99372 0 64566 2769 46980 42321
99814 0 64908 46805 51100 15793
99608 0 65219 41919 14069 1423
99865 0 66366 21462 44376 7420
99721 0 67828 12228 8974 16968
99446 0 69916 35186 47928 58928
99925 0 70362 53120 10275 43138
99760 0 71057 47655 18802 42070
99243 0 71105 12155 2208 36468
99957 0 72569 17985 26163 61489
99769 0 72724 30395 25405 44286
99855 0 72900 2694 51268 23121
99946 0 73382 50628 49027 16087
99513 0 76808 53712 42961 4246
99955 0 77744 1674 2602 27527
99563 0 77866 48782 26680 61547
99539 0 79514 37908 33407 9058
99203 0 81442 20156 56753 29070
99697 0 81723 22499 43395 25396
99460 0 85668 21134 11460 562
99431 0 86496 46187 56961 55257
99738 0 89173 29733 43588 63475
99831 0 89878 28558 3158 2142
99752 0 90753 33706 55477 65468
99676 0 93500 21433 53137 55826
99499 0 98208 55934 34619 56553
99964 0 100222 26869 57698 50882
99866 0 100741 25746 56263 1547
99467 0 100797 54442 47950 24547
99309 0 102801 64545 44817 47172
99300 0 103308 27490 56502 16
99397 0 104942 2910 3367 45905
99617 0 105004 31344 7960 771
99484 0 107295 13997 35192 21281
99673 0 107306 62083 61864 9230
99782 0 111782 31112 2322 3462
99661 0 112110 46204 20454 3656
99963 0 112287 24150 37549 49606
99751 0 115402 56474 12835 2442
99989 0 117623 39966 56633 18546
99877 0 117950 17850 22832 22596
99211 0 119390 62290 42470 51253
99841 0 120798 23652 62241 23396
99821 0 120801 24882 19967 53399
99742 0 121208 44679 15944 63535
99773 0 121582 62525 37396 41443
99832 0 122280 5620 35575 43859
99900 0 124819 45250 10174 47325
99905 0 125043 59890 18605 17219
99612 0 125302 47091 6359 12737
99712 0 127227 10887 53540 6895
99568 0 127996 53941 65233 20864
99279 0 128429 308 19765 56051
99444 0 131017 31655 26303 60482
99740 0 133543 35055 11147 28091
99923 0 135370 57897 28605 24660
99430 0 137713 53324 46649 54176
99857 0 137793 29619 41639 26317
99549 0 139228 39369 33812 32054
99400 0 139663 4594 63730 40442
99364 0 140287 19228 43127 43894
99228 0 141440 21164 3039 65311
99968 0 141916 34804 16288 16806
99319 0 143153 1097 56395 32331
99943 0 143307 54888 63068 30158
99333 0 147122 63442 16999 38111
99983 0 147757 11876 60755 29031
99271 0 148943 23260 20477 48507
99603 0 150986 63232 30029 19987
99510 0 151697 8888 6160 19502
99691 0 151904 15819 8718 55673
99834 0 154552 30720 159 47306
99867 0 154878 12418 32369 13734
99434 0 156950 7610 14426 47524
99763 0 157422 13823 33975 7089
99958 0 157659 52604 62794 31075
99274 0 159053 21333 60545 54422
99658 0 159653 9705 12842 8885
99778 0 161614 1133 3826 64600
99339 0 163106 20716 32762 10617
99445 0 163652 43012 24536 46081
99515 0 167773 27873 1026 8214
99669 0 169045 29244 42879 2522
99698 0 169621 9806 4034 42037
99695 0 170555 26108 59697 17935
99580 0 171033 20154 10615 12734
99320 0 171798 17951 39923 60183
99343 0 174751 39225 49897 25282
99787 0 175589 7300 61887 17802
99880 0 177251 4658 4172 40297
99975 0 178082 39208 17477 43872
99595 0 178286 12739 1926 6475
99451 0 178440 49214 64553 56875
99863 0 178595 29062 22961 21604
99422 0 181182 57261 35277 5658
99326 0 181954 21687 10338 51390
99613 0 182157 17320 22573 20033
99299 0 182691 64292 52158 49829
99917 0 183503 20544 36957 7644
99730 0 185069 28526 63975 3975
99766 0 185345 31205 47847 24556
99628 0 185664 41613 4118 1403
99465 0 186061 58276 4408 43294
99806 0 188081 29954 31857 56532
99548 0 188869 17797 14081 36826
99859 0 188999 24412 38024 19327
99843 0 189864 32210 27262 9535
99216 0 190613 36356 9942 52202
99945 0 193253 33039 39262 32551
99525 0 193253 27283 32617 28623
99245 0 193446 32234 57335 48779
99371 0 194729 1438 41143 54929
99755 0 195096 14308 2262 9855
99714 0 196027 33684 33841 49440
99379 0 196341 58070 61627 17476
99232 0 197437 22428 63675 36231
99437 0 199115 26370 33768 50451
99597 0 199999 11979 892 31103
99209 0 201792 53305 7903 57533
99849 0 202599 62673 34462 61672
99640 0 205988 1829 27841 56098
99819 0 206696 34236 42653 9519
99469 0 207127 39840 62057 53411
99910 0 209035 12594 15875 49738
99210 0 209567 65392 30132 4928
99360 0 212563 40604 6409 44967
99759 0 212705 37850 52958 23011
99820 0 212785 31937 15111 16294
99512 0 212972 44104 16088 62969
99387 0 215030 53485 26586 45637
99749 0 218392 58865 44809 22930
99398 0 219911 35886 2023 50193
99898 0 220824 64542 19901 47589
99325 0 220832 49002 58879 18526
99524 0 223126 20957 7845 31128
99296 0 223128 56296 22790 37715
99733 0 225947 3900 27449 52191
99764 0 226432 35722 34448 50619
99559 0 228165 29746 22680 1074
99369 0 230943 9085 61358 1512
99992 0 232466 27949 19609 55834
99716 0 232721 35364 17992 54508
99723 0 233352 42169 34438 44997
99426 0 233506 34174 51729 57452
99709 0 234034 33712 43185 33367
99663 0 234677 24371 16436 47306
99783 0 235727 42899 2530 16514
99667 0 238730 17000 47103 15226
99532 0 239070 25495 26897 3196
99576 0 244162 20422 41216 29393
99972 0 244166 60849 58487 18172
99307 0 248377 815 558 14578
99305 0 250382 63102 36945 47953
99998 0 253550 53233 47221 7499
99368 0 256568 32002 61389 25361
99509 0 257554 56334 18514 16609
99321 0 260953 57 17602 39484
99221 0 261514 39499 8001 60798
99354 0 262448 49963 5198 45396
99748 0 263618 60499 33648 61214
99771 0 264632 52893 44663 15732
99919 0 264840 12144 29777 1036
99463 0 265494 47840 23640 11641
99781 0 266921 768 62463 9502
99971 0 268626 4862 39889 54203
99378 0 269335 46376 20695 55960
99816 0 273944 31265 13497 5633
99374 0 276573 51851 16585 12053
99458 0 278470 28946 37275 19111
99827 0 279028 1883 24087 11661
99518 0 279131 21331 28156 47021
99984 0 279147 37587 6487 23650
99753 0 279487 64871 21760 37685
99306 0 279993 45989 9969 51845
99876 0 281050 41101 27747 27436
99427 0 281458 30062 17952 65158
99217 0 281550 21953 56693 54413
99537 0 285282 55915 57402 10438
99642 0 285901 11290 44507 33807
99404 0 286189 36568 29543 4404
99415 0 291528 38266 47930 56162
99761 0 294382 48777 56701 46043
99526 0 297143 42191 56813 12493
99506 0 298536 1084 51320 6780
99873 0 299573 30805 54450 7418
99728 0 300744 25797 1898 47325
99241 0 300757 47722 3506 20693
99860 0 303293 1339 1288 12168
99218 0 303416 15067 51687 23535
99607 0 303573 3891 3339 30879
99720 0 305411 20932 88 64528
99826 0 305982 16375 14658 64835
99564 0 306184 15573 30749 27149
99362 0 306570 52797 26273 29508
99768 0 311466 64633 63084 49085
99961 0 312002 3748 11256 60154
99486 0 313085 27917 18374 31607
99511 0 313272 52221 7459 57082
99671 0 314381 28771 7358 14105
99922 0 314747 34103 59348 31195
99609 0 315765 56011 5820 18197
99950 0 316320 42605 51570 62999
99872 0 318035 40153 17264 37575
99295 0 318582 20772 63687 48228
99756 0 318886 18819 59057 4034
99278 0 320549 54961 36824 52732
99560 0 320584 28157 14535 51656
99412 0 323427 33839 12461 26550
99615 0 325984 15727 7931 51347
99294 0 326612 31429 51390 10509
99280 0 327076 20969 40182 53718
99272 0 329532 27103 1799 10123
99442 0 330793 15716 40807 22068
99473 0 331746 23329 36008 54156
99587 0 333559 20631 55900 19666
99454 0 334705 4325 12178 15945
99504 0 335472 20625 24946 30570
99962 0 336571 35097 53832 30393
99553 0 336632 58524 33804 46294
99500 0 340579 24706 14536 4855
99953 0 340646 15517 15453 2409
99862 0 342919 15710 46365 1281
99516 0 343429 32886 32097 63311
99453 0 346671 28422 4663 26544
99483 0 348586 60849 23561 19811
99529 0 349562 59454 42490 40937
99599 0 351502 11618 35490 37601
99936 0 353562 19718 36582 26537
99772 0 356421 60722 20430 35208
99521 0 356442 28654 42290 25312
99679 0 360642 53523 57450 51580
99633 0 363813 7459 21525 38472
99997 0 367145 21150 16095 36769
99845 0 367301 13292 40329 48934
99938 0 368879 33143 26605 30612
99710 0 370650 53038 50427 36627
99810 0 372913 20412 25847 5353
99407 0 382003 11887 3546 50465
99828 0 383464 3345 50901 54470
99833 0 383613 40942 54030 22197
99656 0 386937 37908 49254 15661
99328 0 389502 28629 28022 4354
99853 0 389521 24988 64421 48078
99625 0 391919 4454 48579 62959
99489 0 392246 37974 34654 22314
99547 0 392715 701 60476 60974
99555 0 394558 45265 19069 33013
99981 0 396302 39263 46934 63640
99234 0 396711 21204 32695 29643
99297 0 398148 1789 2854 18225
99224 0 401784 28797 57541 58458
99996 0 402306 38690 3159 16770
99949 0 402716 51902 44828 4619
99237 0 403472 48874 30316 16681
99424 0 405301 56432 64216 44983
99565 0 406775 10931 42581 33534
99979 0 407861 16221 54452 45479
99767 0 408478 31639 5741 46917
99927 0 408753 35115 24729 47132
99680 0 408787 43668 60671 12609
99999 0 410224 53414 46363 5898
99884 0 411425 22959 51318 3735
99651 0 412130 39320 17298 1051
99734 0 412664 25543 51663 32798
99285 0 413403 15146 54054 15212
99664 0 414121 42064 35641 31091
99229 0 414528 19643 47717 1169
99719 0 415272 57438 9810 10929
99361 0 417757 30905 16880 4215
99993 0 418768 23733 18091 47307
99701 0 420181 7242 5528 40581
99402 0 420482 25220 37135 54451
99630 0 421516 51570 18173 32277
99632 0 423256 50696 37373 21202
99654 0 423923 52899 45810 54301
99367 0 425162 52352 33928 34620
99582 0 427134 52125 35090 17228
99948 0 431252 21097 64882 6929
99331 0 431627 54757 51982 10214
99579 0 435146 30834 61125 60450
99507 0 435830 60282 4093 23914
99230 0 437973 8142 54213 10353
99878 0 439758 22545 62611 54102
99459 0 440010 17949 35616 45331
99544 0 440817 4222 43955 29900
99348 0 442425 52933 48615 12018
99533 0 442477 50146 9571 47978
99336 0 442731 53239 38131 17551
99334 0 443164 27057 33361 39009
99244 0 444755 24230 7411 10389
99770 0 447374 35688 60581 65180
99995 0 448705 13089 31946 6886
99976 0 449198 56368 10497 60287
99893 0 451526 22188 11453 29224
99982 0 451886 41842 6479 32002
99423 0 451957 47200 13706 1107
99648 0 454435 31593 20259 47096
99401 0 454745 28578 5942 27108
99255 0 456088 42399 44603 19097
99942 0 456734 6371 32224 49394
99776 0 458129 54877 18213 59198
99659 0 458446 14063 54029 53879
99313 0 459951 52618 12359 33273
99620 0 460816 61602 26762 27708
99912 0 460928 65431 51716 27133
99970 0 461641 17272 51192 56613
99852 0 462485 24048 19452 55519
99590 0 462707 44091 24419 5891
99384 0 466062 18491 44306 12277
99318 0 467101 61734 59340 26312
99286 0 469826 7515 9537 47595
99635 0 472046 24124 8992 58260
99421 0 472798 47273 30398 29955
99215 0 472819 57886 40618 30289
99536 0 474094 34471 13189 13507
99534 0 474264 48987 30858 65061
99775 0 474643 19878 9849 7126
99292 0 476370 12020 60016 36302
99614 0 477056 30594 50034 59170
99205 0 477068 30473 7795 45178
99235 0 477172 3989 22803 64192
99540 0 478720 41063 9157 51528
99385 0 480969 51705 60795 6333
99965 0 481511 25969 19025 15740
99591 0 481814 52634 8693 35749
99592 0 482824 64303 16228 36238
99298 0 482912 5079 57010 59824
99581 0 483094 41988 37007 63080
99457 0 484094 34849 23773 52540
99496 0 484230 17407 41974 33350
99889 0 484380 8339 20941 57499
99830 0 485151 1305 1381 22691
99266 0 486634 28112 6465 22358
99631 0 487206 56746 22532 61802
99940 0 487611 23407 53609 38412
99462 0 489167 41608 41014 40777
99792 0 489202 27798 63990 53689
99812 0 489371 8689 60161 63495
99520 0 489619 23257 10840 14495
99208 0 490351 29040 42988 37295
99440 0 490719 9994 46289 57918
99803 0 491438 10570 14684 5360
99662 0 493361 57915 31221 2275
99268 0 494373 6348 12404 33093
99837 0 494519 31934 20143 40743
99694 0 494772 19462 57025 50814
99707 0 497773 33199 17055 44357
99527 0 499037 4509 41650 61738
99277 0 500119 7885 60090 12042
99225 0 503809 11610 60598 8313
99668 0 503932 21079 38250 49188
99689 0 504476 45198 16082 57433
99411 0 504785 29078 41293 37571
99429 0 504873 27118 12806 57056
99543 0 506064 9669 24094 32486
99875 0 508683 13800 22032 2382
99535 0 509526 2844 35481 1763
99498 0 510913 11108 47513 38363
99858 0 512210 10545 41615 31984
99622 0 513837 2745 15415 15450
99741 0 514988 23568 8688 1975
99263 0 517569 49457 62192 39402
99448 0 517816 25555 32981 51849
99281 0 518808 64739 32157 36773
99554 0 518976 4912 52243 28591
99270 0 519763 40485 14673 53518
99329 0 520550 33181 30987 2120
99202 0 521303 1713 11901 45899
99657 0 522126 50798 55607 52295
99558 0 522799 6048 19332 8367
99250 0 522903 25769 22346 19344
99926 0 523686 54327 43794 62165
99804 0 524890 12116 46688 35963
99503 0 524950 44728 64185 29442
99204 0 526367 5828 6862 58841
99236 0 531050 17524 22834 36288
99650 0 531439 11264 21938 20066
99745 0 533762 56511 64660 64338
99645 0 533766 27421 5826 11259
99746 0 533968 1485 45105 14067
99918 0 534402 19309 7237 5904
99482 0 535786 18095 49834 51962
99450 0 539613 10298 31334 63255
99929 0 541317 32716 3289 14304
99796 0 541591 22768 9928 57983
99392 0 545074 21523 1378 25650
99785 0 545650 27708 57614 16309
99980 0 549308 7218 32602 32488
99690 0 550664 55443 10258 34301
99779 0 552929 51000 33119 63047
99530 0 553262 3927 25203 37032
99809 0 554611 5105 1661 5805
99403 0 555013 9926 35647 58226
99717 0 555483 42234 7049 26053
99213 0 556890 61966 56065 8940
99930 0 557735 46588 30120 16514
99347 0 557827 51121 1129 62295
99643 0 558043 10694 3235 106
99382 0 558071 40161 57702 14648
99605 0 560782 26399 33613 48889
99425 0 561558 38896 48196 58800
99474 0 561890 1123 6460 47228
99944 0 567991 968 58380 58019
99724 0 568037 53624 23169 13960
99222 0 576936 56170 48495 42167
99242 0 577817 43699 7361 4315
99251 0 578033 30920 8335 65155
99399 0 580241 9122 34753 26317
99985 0 580429 51006 32437 60077
99380 0 582222 49290 15382 60386
99602 0 583490 36380 48604 28866
99353 0 584767 18838 16241 5617
99800 0 586736 14939 7136 36573
99909 0 587223 5206 19333 41688
99795 0 587842 34043 54983 5930
99388 0 590825 50183 24154 54878
99439 0 592550 40475 11637 34214
99799 0 592607 56445 17142 58139
99646 0 593906 33990 6884 9872
99370 0 594950 46440 46309 26980
99882 0 595854 23786 13925 22232
99375 0 598579 54771 3552 58173
99956 0 598889 64079 55029 37278
99315 0 598998 55931 32179 42710
99916 0 599960 33811 60023 62969
99711 0 600538 18033 23295 64405
99839 0 601010 59876 54202 21127
99351 0 604248 13220 36615 42427
99969 0 605270 7661 18381 916
99346 0 606632 38752 51000 36586
99901 0 608712 61612 44106 29893
99619 0 610373 54828 10841 15835
99627 0 610749 48933 17906 65310
99254 0 612739 33409 478 64701
99312 0 613621 15377 52798 56066
99327 0 614335 58705 44992 44553
99212 0 614340 52184 1962 64855
99702 0 616358 47542 60327 58032
99674 0 617000 39977 8961 37690
99871 0 617069 15381 55503 30254
99935 0 617579 43781 17480 63492
99700 0 618987 41887 38239 400
99991 0 619121 33355 18234 34642
99443 0 621907 34742 23864 61529
99847 0 622056 30055 60010 32450
99584 0 624129 51279 135 11685
99386 0 624717 20639 37722 1817
99287 0 626366 17469 56667 27636
99838 0 627285 24975 10874 27229
99551 0 628489 50730 37433 54605
99283 0 628944 36319 21550 3334
99447 0 629307 60581 43633 49868
99265 0 630661 45299 60361 59747
99682 0 630880 64362 15027 44423
99577 0 632350 34826 20625 3035
99461 0 632890 40363 7854 40857
99725 0 633331 24466 46968 21064
99736 0 634110 62814 57967 45359
99879 0 635704 23997 63057 29740
99666 0 636681 59220 62390 33098
99611 0 636744 58296 41810 51125
99452 0 636984 44918 20052 62924
99566 0 637075 15616 5589 43298
99637 0 637639 56026 30319 24846
99815 0 639120 45426 44384 42315
99240 0 639313 33379 59429 35312
99931 0 639886 15544 14568 17646
99471 0 640013 62697 43162 60840
99899 0 640827 5676 43000 26708
99586 0 641127 38895 7923 26804
99413 0 641227 7950 7677 65504
99601 0 642826 16983 51161 1792
99790 0 643660 25524 15715 47286
99508 0 644361 60028 64885 37037
99933 0 644666 15643 58313 45968
99699 0 647318 29032 37450 51701
99257 0 648932 21480 7492 142
99665 0 651058 15570 39513 53552
99393 0 651209 19182 6248 6906
99994 0 651787 46916 33329 57337
99409 0 652500 39800 20414 16915
99356 0 652618 12737 40636 37395
99802 0 653424 54111 17220 54524
99892 0 654240 48888 22029 38111
99807 0 655491 41791 43747 42671
99264 0 656270 12191 8050 45285
99416 0 660063 54555 63437 7732
99793 0 661034 10450 7301 55739
99789 0 662795 63840 14737 6631
99248 0 662985 51252 50879 47655
99978 0 663065 62358 6804 55376
99435 0 663338 49436 5169 26058
99246 0 664271 24876 19823 5977
99951 0 670664 35176 31171 3127
99750 0 670694 46107 56776 31183
99290 0 671767 25728 46105 21163
99363 0 671980 56915 17789 22061
99395 0 672005 20357 26532 44997
99497 0 672219 54692 9280 30039
99842 0 673777 4351 14731 23190
99616 0 674795 55363 40754 64739
99903 0 675240 10139 41810 27472
99365 0 675418 17707 1787 19053
99735 0 676345 16469 18680 6878
99358 0 676782 25246 26539 16325
99436 0 677438 46286 17628 38109
99986 0 681501 51404 5488 49449
99739 0 682224 62274 27761 63043
99626 0 687339 52185 30449 25290
99316 0 689518 24399 56323 39971
99610 0 689898 58191 19484 3034
99786 0 691173 51246 42880 18404
99550 0 693422 59705 7005 13223
99438 0 693521 38106 16312 26403
99261 0 694625 53629 40338 3930
99501 0 695255 42990 38635 15493
99649 0 695364 38629 6141 37812
99432 0 696515 51997 18576 59832
99966 0 698966 35451 53558 45775
99686 0 699093 16675 23539 16574
99621 0 699491 20706 17998 18699
99641 0 701922 12437 25426 1685
99269 0 703212 59892 35585 63142
99355 0 704637 57544 63659 23394
99692 0 707035 59491 31025 36955
99480 0 707657 14538 30676 4203
99967 0 707844 24913 19792 19378
99704 0 710322 56361 15415 7064
99332 0 710426 25654 16378 39714
99495 0 710879 47518 17785 22732
99990 0 710955 34974 1374 65407
99604 0 711389 31136 56965 8337
99377 0 715403 63401 52258 31293
99891 0 715862 56750 57554 40290
99675 0 715893 38644 41628 54230
99840 0 716667 42876 20028 61396
99314 0 716953 1508 31465 40043
99670 0 719394 9494 14541 63032
99381 0 721215 44613 61437 35682
99681 0 721563 25366 52180 49033
99706 0 721953 41267 28623 56969
99864 0 723392 61914 813 39252
99887 0 725437 45771 39854 39917
99219 0 726067 38729 14028 55206
99818 0 726297 13432 7661 52543
99861 0 727123 31940 25202 10821
99433 0 727866 5536 59889 54310
99988 0 727874 5476 6282 43320
99915 0 727939 37863 33781 5411
99472 0 728937 8144 12386 39146
99575 0 731455 43168 23046 64861
99762 0 734063 40266 43828 32398
99405 0 736070 3638 27464 4135
99715 0 738750 41002 23153 46368
99960 0 740243 5838 49856 2846
99836 0 743825 11476 21533 3607
99894 0 749735 50663 7514 43095
99289 0 751849 7895 45702 34370
99291 0 751925 27836 29856 35557
99366 0 752106 24171 61107 37164
99301 0 752648 13191 24372 17595
99685 0 752769 34227 23802 29214
99639 0 753411 5769 21357 1766
99573 0 756414 58113 11170 23095
99569 0 756992 57755 18185 56085
99618 0 757008 61945 8571 52107
99825 0 757598 28061 42863 19527
99338 0 759232 6909 59002 61385
99410 0 760129 50606 19281 27089
99906 0 760797 14931 40381 18301
99206 0 761376 16071 33759 13568
99335 0 762516 20064 9110 60606
99349 0 768052 5602 40763 56212
99420 0 770613 26676 16825 47096
99688 0 771065 12136 3886 24694
99596 0 771635 60205 7004 33662
99220 0 771992 37307 928 17327
99519 0 772674 1396 2671 8754
99455 0 773330 1187 54114 5614
99341 0 773689 32965 17510 37573
99805 0 773949 37021 3354 45970
99594 0 777359 17491 25559 63954
99874 0 778166 56443 11949 9009
99545 0 779222 42598 20427 2147
99441 0 780153 29279 45520 8403
99780 0 780161 6024 16207 4646
99391 0 782042 51216 9181 49554
99907 0 783064 65210 51340 35722
99517 0 784823 23576 7148 8908
99977 0 785696 22813 45986 24367
99774 0 787490 44278 45154 60210
99850 0 788537 46463 18266 33802
99784 0 789163 13074 15324 27042
99896 0 790249 57392 6207 63739
99308 0 791335 64920 26083 29417
99418 0 791575 56915 13916 12626
99468 0 794073 29000 7518 3173
99624 0 794716 41060 45200 25165
99722 0 795685 36155 63490 15693
99652 0 796483 25018 26818 52075
99449 0 798948 21204 8766 56479
99390 0 799357 5673 40400 48447
99924 0 801187 33712 62533 26821
99732 0 801922 60179 34232 45365
99464 0 802602 52804 60641 30022
99934 0 802700 47233 11200 36107
99428 0 803672 3772 21600 36928
99258 0 808069 10460 28209 54255
99200 0 808596 47929 60748 34515
99514 0 808811 53415 33331 62183
99731 0 809814 9607 12300 33522
99797 0 810015 63855 33886 6394
99913 0 810032 9046 21285 19269
99869 0 810159 23031 9207 59776
99567 0 810460 37625 33193 6409
99744 0 810658 25160 56825 27438
99552 0 811717 38900 54861 22629
99974 0 812188 14981 34589 58510
99247 0 813804 58590 61892 60061
99531 0 814983 60060 54425 38777
99491 0 815052 9192 7675 49161
99920 0 815396 54956 39937 2684
99493 0 816392 40673 35478 35701
99485 0 817581 56731 8187 54722
99340 0 819925 15523 53283 42190
99396 0 819957 43712 11856 26038
99574 0 822797 14043 22420 59870
99687 0 826270 29820 61208 2198
99481 0 828852 25360 25322 40546
99798 0 833777 52844 18376 51624
99655 0 835875 10619 8159 52722
99476 0 836479 22729 27853 39138
99359 0 837017 16800 57218 44711
99647 0 838108 40209 34053 14687
99677 0 839052 3172 568 52530
99911 0 839960 56204 45753 28685
99557 0 840697 64563 10109 40686
99322 0 842221 54382 672 28274
99260 0 843228 43738 60476 41701
99743 0 844687 26843 45423 19227
99737 0 845457 54517 27193 52271
99623 0 846322 7156 40388 20168
99293 0 846700 14891 54083 28424
99593 0 847281 40834 22909 35904
99207 0 849433 9927 14998 21557
99811 0 849488 9333 860 24196
99262 0 850274 55416 40488 17290
99987 0 851671 58916 62026 13990
99683 0 853059 25249 2921 64013
99583 0 855517 49917 21953 56441
99417 0 855838 55496 63712 39917
99883 0 856134 51417 44690 45693
99487 0 857955 48543 24389 28491
99794 0 858524 20262 51821 61982
99466 0 858895 35661 43185 60687
99856 0 864468 46242 34583 24771
99726 0 864587 48352 33183 54615
99267 0 864774 16523 50177 50183
99844 0 865239 4557 64857 60125
99897 0 866281 44169 1840 14289
99908 0 866860 52736 10424 41710
99835 0 869587 47025 59941 9236
99817 0 876806 34336 1881 34668
99502 0 881114 36548 21430 34467
99276 0 881322 30149 57220 4001
99813 0 881698 7026 19751 14749
99885 0 881863 33053 49315 11701
99344 0 882659 29074 40072 42408
99928 0 885907 22243 14186 38038
99317 0 886585 55011 32109 48943
99854 0 886715 40596 50856 6187
99937 0 887243 14581 800 39954
99921 0 887543 22912 18147 3841
99477 0 887975 62371 32782 17984
99238 0 888391 42356 61872 54358
99653 0 890101 62227 21515 28399
99765 0 890437 31529 46974 33693
99475 0 892105 14187 8462 59287
99389 0 896438 3915 29712 1849
99747 0 896518 23622 8918 20969
99705 0 900428 33477 32424 25147
99456 0 901428 34049 2091 34268
99638 0 901495 11253 60658 46170
99941 0 904660 45560 37324 2303
99350 0 905843 184 29339 38503
99383 0 906648 7192 44012 59001
99304 0 908402 11518 15617 2020
99488 0 908829 61869 11404 24761
99757 0 909073 50705 36931 14259
99959 0 910739 847 60233 32365
99693 0 919023 5395 39913 6866
99376 0 919390 14454 54774 24548
99678 0 920058 45750 59770 22404
99303 0 922906 56761 15522 26789
99342 0 925649 64403 48792 38613
99337 0 926552 41277 18325 54820
99226 0 928236 53697 14111 14315
99868 0 930149 4362 30110 10849
99479 0 930193 4880 34047 6120
99330 0 930240 45844 16799 44190
99561 0 930654 58906 37670 8211
99572 0 932476 51475 3019 15260
99249 0 935191 34954 32684 31450
99542 0 936628 22507 40240 5804
99947 0 937841 8018 42532 24888
99829 0 939591 8069 30466 58757
99660 0 940523 42502 45031 60704
99233 0 940992 30241 35399 32619
99273 0 941317 33856 25595 56682
99954 0 943787 39498 17387 13327
99848 0 944479 32716 20157 37240
99824 0 945010 43353 52602 31297
99754 0 946404 3508 5035 4202
99902 0 947478 906 35014 57990
99788 0 947603 21460 21969 6293
99890 0 948644 29220 53040 159
99932 0 949650 26140 50078 31708
99634 0 950211 54779 17483 13968
99808 0 956225 41844 10983 11912
99870 0 956944 40930 46788 44298
99253 0 958729 8708 5263 3183
99718 0 960557 40960 19133 25283
99571 0 962563 16981 40851 9114
99256 0 962717 22093 30489 18373
99851 0 964261 20391 21882 57466
99588 0 964631 51644 11913 59327
99589 0 966908 54262 48010 24046
99252 0 969839 19962 34731 51957
99888 0 971275 38043 52729 49786
99606 0 976150 48724 54513 11711
99352 0 978453 46707 10744 46935
99598 0 979506 35045 16608 46992
99522 0 980748 3203 47284 27236
99973 0 981540 8175 46826 9527
99523 0 981836 19094 51468 49466
99914 0 982005 62440 56635 6821
99672 0 984305 4988 1221 61097
99570 0 984818 26199 46174 50046
99703 0 985645 29618 12250 23527
99302 0 986283 5077 41534 34770
99886 0 986763 20645 37894 25223
99214 0 987083 61969 35715 3923
99578 0 990404 5986 2813 21804
99644 0 990413 26407 19827 10885
99585 0 991493 25970 14843 21424
1869 57
2199 87
2631 118
3707 148
5610 179
8062 210
8979 241
9192 271
10034 299
14214 331
14266 362
16081 394
16834 426
17926 458
18218 490
21921 522
22807 554
23599 586
25700 618
25796 649
25885 681
28215 712
29357 743
29651 775
29736 807
32206 838
33360 870
37582 902
37814 933
38543 964
39379 996
39758 1028
40772 1059
42073 1091
42441 1122
43228 1154
44295 1185
45917 1217
46137 1247
47423 1279
47906 1310
50616 1341
51726 1373
51766 1405
52401 1437
52871 1468
53102 1500
55695 1532
56185 1564
56782 1596
58098 1627
58690 1659
59095 1691
60056 1723
64176 1754
64566 1786
64908 1817
65219 1849
66366 1880
67828 1911
69916 1942
70362 1974
71057 2006
71105 2038
72569 2069
72724 2101
72900 2133
73382 2164
76808 2196
77744 2227
77866 2257
79514 2289
81442 2320
81723 2352
85668 2384
86496 2414
89173 2446
89878 2478
90753 2508
93500 2540
98208 2572
100222 2604
100741 2637
100797 2669
102801 2702
103308 2735
104942 2765
105004 2796
107295 2826
107306 2859
111782 2891
112110 2922
112287 2954
115402 2987
117623 3019
117950 3052
119390 3085
120798 3118
120801 3151
121208 3184
121582 3217
122280 3250
124819 3282
125043 3315
125302 3348
127227 3380
127996 3412
128429 3445
131017 3476
133543 3509
135370 3542
137713 3575
137793 3608
139228 3641
139663 3674
140287 3706
141440 3739
141916 3771
143153 3804
143307 3836
147122 3869
147757 3902
148943 3935
150986 3968
151697 4001
151904 4032
154552 4064
154878 4095
156950 4128
157422 4160
157659 4192
159053 4225
159653 4258
161614 4289
163106 4320
163652 4353
167773 4386
169045 4417
169621 4449
170555 4480
171033 4513
171798 4546
174751 4579
175589 4612
177251 4644
178082 4675
178286 4708
178440 4739
178595 4772
181182 4805
181954 4837
182157 4870
182691 4903
183503 4936
185069 4968
185345 5000
185664 5033
186061 5064
188081 5096
188869 5129
188999 5162
189864 5195
190613 5227
193253 5259
193446 5325
194729 5358
195096 5390
196027 5421
196341 5454
197437 5487
199115 5520
199999 5553
201792 5584
202599 5616
205988 5649
206696 5681
207127 5713
209035 5746
209567 5779
212563 5811
212705 5843
212785 5876
212972 5909
215030 5942
218392 5975
219911 6008
220824 6040
220832 6073
223126 6106
223128 6138
225947 6171
226432 6203
228165 6236
230943 6268
232466 6299
232721 6332
233352 6365
233506 6398
234034 6431
234677 6464
235727 6497
238730 6529
239070 6562
244162 6594
244166 6627
248377 6660
250382 6689
253550 6722
256568 6754
257554 6787
260953 6820
261514 6850
262448 6882
263618 6914
264632 6947
264840 6980
265494 7012
266921 7045
268626 7075
269335 7107
273944 7140
276573 7172
278470 7205
279028 7238
279131 7270
279147 7303
279487 7335
279993 7368
281050 7400
281458 7433
281550 7466
285282 7499
285901 7532
286189 7565
291528 7597
294382 7630
297143 7663
298536 7696
299573 7727
300744 7759
300757 7791
303293 7823
303416 7854
303573 7887
305411 7918
305982 7948
306184 7981
306570 8014
311466 8047
312002 8080
313085 8112
313272 8145
314381 8177
314747 8209
315765 8242
316320 8274
318035 8307
318582 8340
318886 8373
320549 8405
320584 8438
323427 8471
325984 8504
326612 8536
327076 8569
329532 8602
330793 8634
331746 8667
333559 8700
334705 8733
335472 8765
336571 8798
336632 8831
340579 8864
340646 8896
342919 8928
343429 8960
346671 8993
348586 9025
349562 9058
351502 9091
353562 9124
356421 9157
356442 9190
360642 9223
363813 9256
367145 9288
367301 9321
368879 9354
370650 9387
372913 9420
382003 9452
383464 9484
383613 9516
386937 9549
389502 9582
389521 9614
391919 9647
392246 9679
392715 9712
394558 9743
396302 9776
396711 9809
398148 9842
401784 9873
402306 9906
402716 9938
403472 9970
405301 10003
406775 10036
407861 10069
408478 10102
408753 10134
408787 10167
410224 10200
411425 10232
412130 10264
412664 10296
413403 10329
414121 10362
414528 10395
415272 10427
417757 10459
418768 10491
420181 10524
420482 10555
421516 10588
423256 10621
423923 10654
425162 10687
427134 10720
431252 10753
431627 10785
435146 10818
435830 10851
437973 10883
439758 10915
440010 10948
440817 10981
442425 11013
442477 11046
442731 11078
443164 11111
444755 11144
447374 11176
448705 11209
449198 11241
451526 11274
451886 11307
451957 11339
454435 11371
454745 11404
456088 11436
456734 11469
458129 11501
458446 11534
459951 11567
460816 11600
460928 11633
461641 11666
462485 11699
462707 11732
466062 11764
467101 11797
469826 11830
472046 11861
472798 11893
472819 11926
474094 11959
474264 11992
474643 12025
476370 12056
477056 12089
477068 12122
477172 12154
478720 12186
480969 12218
481511 12250
481814 12283
482824 12315
482912 12348
483094 12380
484094 12413
484230 12446
484380 12479
485151 12511
486634 12542
487206 12574
487611 12607
489167 12640
489202 12673
489371 12706
489619 12738
490351 12771
490719 12804
491438 12836
493361 12868
494373 12900
494519 12932
494772 12965
497773 12998
499037 13031
500119 13063
503809 13095
503932 13127
504476 13160
504785 13193
504873 13226
506064 13259
508683 13291
509526 13323
510913 13354
512210 13387
513837 13420
514988 13452
517569 13483
517816 13516
518808 13549
518976 13582
519763 13614
520550 13647
521303 13679
522126 13711
522799 13744
522903 13775
523686 13808
524890 13841
524950 13874
526367 13907
531050 13938
531439 13971
533762 14004
533766 14037
533968 14069
534402 14101
535786 14132
539613 14165
541317 14198
541591 14230
545074 14262
545650 14294
549308 14327
550664 14359
552929 14392
553262 14425
554611 14457
555013 14487
555483 14519
556890 14551
557735 14583
557827 14616
558043 14648
558071 14678
560782 14711
561558 14744
561890 14777
567991 14808
568037 14839
576936 14872
577817 14905
578033 14936
580241 14968
580429 15000
582222 15033
583490 15066
584767 15099
586736 15131
587223 15163
587842 15195
590825 15227
592550 15260
592607 15293
593906 15326
594950 15357
595854 15390
598579 15423
598889 15455
598998 15488
599960 15521
600538 15554
601010 15587
604248 15620
605270 15653
606632 15683
608712 15716
610373 15749
610749 15782
612739 15815
613621 15846
614335 15879
614340 15912
616358 15944
617000 15977
617069 16009
617579 16042
618987 16075
619121 16106
621907 16139
622056 16172
624129 16205
624717 16236
626366 16268
627285 16301
628489 16334
628944 16367
629307 16399
630661 16432
630880 16465
632350 16498
632890 16530
633331 16562
634110 16595
635704 16628
636681 16661
636744 16694
636984 16727
637075 16760
637639 16792
639120 16825
639313 16858
639886 16891
640013 16924
640827 16957
641127 16989
641227 17021
642826 17052
643660 17084
644361 17117
644666 17150
647318 17183
648932 17216
651058 17246
651209 17279
651787 17310
652500 17343
652618 17376
653424 17409
654240 17442
655491 17475
656270 17508
660063 17540
661034 17572
662795 17604
662985 17636
663065 17669
663338 17701
664271 17733
670664 17765
670694 17797
671767 17830
671980 17863
672005 17896
672219 17929
673777 17961
674795 17993
675240 18026
675418 18059
676345 18091
676782 18123
677438 18156
681501 18189
682224 18221
687339 18254
689518 18287
689898 18320
691173 18352
693422 18385
693521 18417
694625 18450
695255 18482
695364 18515
696515 18547
698966 18580
699093 18613
699491 18646
701922 18679
703212 18711
704637 18744
707035 18777
707657 18810
707844 18842
710322 18875
710426 18907
710879 18940
710955 18973
711389 19005
715403 19037
715862 19070
715893 19103
716667 19136
716953 19169
719394 19201
721215 19233
721563 19266
721953 19299
723392 19332
725437 19363
726067 19396
726297 19429
727123 19461
727866 19494
727874 19526
727939 19557
728937 19589
731455 19621
734063 19654
736070 19687
738750 19718
740243 19751
743825 19782
749735 19814
751849 19846
751925 19878
752106 19911
752648 19944
752769 19977
753411 20010
756414 20041
756992 20074
757008 20107
757598 20139
759232 20172
760129 20204
760797 20237
761376 20270
762516 20303
768052 20335
770613 20367
771065 20400
771635 20432
771992 20464
772674 20495
773330 20525
773689 20556
773949 20589
777359 20621
778166 20654
779222 20686
780153 20718
780161 20750
782042 20781
783064 20813
784823 20846
785696 20877
787490 20910
788537 20943
789163 20976
790249 21009
791335 21041
791575 21074
794073 21107
794716 21138
795685 21171
796483 21204
798948 21237
799357 21269
801187 21301
801922 21334
802602 21367
802700 21400
803672 21433
808069 21465
808596 21498
808811 21531
809814 21564
810015 21596
810032 21628
810159 21660
810460 21692
810658 21724
811717 21757
812188 21790
813804 21823
814983 21856
815052 21889
815396 21920
816392 21952
817581 21985
819925 22017
819957 22050
822797 22083
826270 22116
828852 22148
833777 22181
835875 22214
836479 22246
837017 22279
838108 22312
839052 22345
839960 22375
840697 22408
842221 22441
843228 22472
844687 22505
845457 22538
846322 22571
846700 22603
847281 22636
849433 22669
849488 22701
850274 22731
851671 22764
853059 22797
855517 22829
855838 22862
856134 22895
857955 22928
858524 22961
858895 22994
864468 23027
864587 23060
864774 23093
865239 23126
866281 23158
866860 23190
869587 23223
876806 23255
881114 23287
881322 23320
881698 23352
881863 23384
882659 23417
885907 23450
886585 23483
886715 23516
887243 23548
887543 23579
887975 23611
888391 23644
890101 23677
890437 23710
892105 23743
896438 23775
896518 23806
900428 23838
901428 23871
901495 23903
904660 23936
905843 23968
906648 23999
908402 24031
908829 24063
909073 24096
910739 24129
919023 24160
919390 24191
920058 24224
922906 24257
925649 24290
926552 24323
928236 24356
930149 24389
930193 24421
930240 24452
930654 24485
932476 24517
935191 24549
936628 24582
937841 24614
939591 24646
940523 24678
940992 24711
941317 24744
943787 24777
944479 24810
945010 24843
946404 24876
947478 24906
947603 24937
948644 24969
949650 25000
950211 25033
956225 25066
956944 25099
958729 25132
960557 25162
962563 25195
962717 25227
964261 25260
964631 25293
966908 25326
969839 25359
971275 25392
976150 25425
978453 25458
979506 25491
980748 25524
981540 25556
981836 25587
982005 25620
984305 25652
984818 25683
985645 25716
986283 25749
986763 25781
987083 25814
990404 25846
990413 25877
991493 25910
